0301002000300402
0000123404200000
3000010203401000
1004000200034001
0000413202100000
2100032000041000
1034030020000001
0012010300004020
0230030000012040
4200100001200003
0003400001303020
0320000410000012
4000001002400021
0200002030402001
0001400220040023
4000000220140400
0210003201002001
4021000300000230
2403000003400001
4000034004300104
0012200000044300
4000004001202003
3000000201030021
0002020003040120
3001100001230000
0030230010003004
0300102000404001
0001120004000130
0030010440031040
0003430201200000
0300200002014002
1040001201004001
0040103001040003
0010020040202004
0300400012303000
0003040200211000
0201043000044000
0001040043120000
2001004001000203
4301020001030010
0430024000000103
3002003102000004
2040300000044200
1000402101040000
0043040041000010
0004140002000140
0200003000044120
2000314002100000
0020104000040402
0340400000101023
2040300013000001
0200100230040010
4000002001002401
0040420000230300
2400002040010300
1300003000042003
0201300404000002
0001400004020034
0020010030020034
2003100001300040
0300010030101020
0201034000000104
0004300100100240
3000400000011023
1000301000040320
0410100000030320
4001003004002003
0310000340000240
4001002004003002
3010010000400402
0210400000010430
2001040000104003
3040000310000201
3000023001400001
2010000240000304
0000000000000000